            1            6            6            1       1400.2       3.5005
            2            7            6            1       4773.6       11.934
            3            8            5            1       1704.4       5.3263
            4            8            6            1       1400.2       3.5005
            5            9            6            1       5552.1        13.88
            6           10            6            1       5033.1       12.583


best_percent =

        13.88


I =

     5


best_config =

            5            9            6            1       5552.1        13.88


Payload =

    26

            1            6            6            1       1400.2       3.5005
            2            7            6            1       4773.6       11.934
            3            8            6            1       1400.2       3.5005
            4            9            6            1       5552.1        13.88
            5           10            6            1       5033.1       12.583


best_percent =

        13.88


I =

     4


best_config =

            4            9            6            1       5552.1        13.88


Payload =

    27

            1            6            6            1       1400.2       3.5005
            2            7            6            1       4709.6       11.774
            3            8            6            1       1400.2       3.5005
            4            9            6            1       5552.1        13.88
            5           10            6            1       5033.1       12.583


best_percent =

        13.88


I =

     4


best_config =

            4            9            6            1       5552.1        13.88


Payload =

    28

            1            6            6            1       1400.2       3.5005
            2            8            6            1       1400.2       3.5005
            3            9            6            1       5475.6       13.689
            4           10            6            1       5033.1       12.583


best_percent =

       13.689


I =

     3


best_config =

            3            9            6            1       5475.6       13.689


Payload =

    29

            1            6            6            1       1335.7       3.3393
            2            8            6            1       1400.2       3.5005
            3           10            6            1       5033.1       12.583


best_percent =

       12.583


I =

     3


best_config =

            3           10            6            1       5033.1       12.583


Payload =

    30

            1            8            6            1       1400.2       3.5005
            2           10            6            1       5033.1       12.583


best_percent =

       12.583


I =

     2


best_config =

            2           10            6            1       5033.1       12.583


Payload =

    31

            1            8            6            1       1336.7       3.3418
            2           10            6            1       4958.1       12.395


best_percent =

       12.395


I =

     2


best_config =

            2           10            6            1       4958.1       12.395